Pass #1:
                                                              
                              1                               
              2 2 2         1 1 1                 3 3 3       
                2 2 2     1 1 1 1 1               3 3 3       
              2   2 2       1 1 1 1 1           3 3 3         
              2 2 2       1 1 1 1 1 1 1       3 3 3           
          4 2 2 2   2 2 1 1 1 1 1 1 1 1 1           3 3 3     
        4     2   2 2 1 1 1 1 1 1 1 1 1 1 1       3 3 3       
        4 4 2 2 2 2 1 1 1 1 1 1 1 1 1 1 1 1         3         
              2   1 1 1 1 1 1 1 1 1 1 1 1 1           3       
    5 5 5   2 2   1 1 1 1 1 1 1 1 1 1 1 1 1             3     
    5 5 5   2     1 1 1 1 1 1 1 1 1 1 1 1 1 1                 
    5 5 5   2   1 1 1 1 1 1 1 1 1 1 1 1 1 1                   
    5 5 5         1 1 1 1 1 1 1 1 1 1 1 1 1                   
    5               1 1 1 1 1 1 1 1 1 1 1   1           6     
                  1     1 1 1 1 1 1 1                 6   6   
        7                 1 1 1 1 1                   6   6   
    8   7     9             1 1 1     10          116     6   
    8   7 7 7 7               1   1 1   10        6 6 6   6   
    8 7 7 7 7 7                                   6 6 6 6     
        7 7 7 7               12                6 6 6 6       
                              12              6 6 6           
                            121212              6 6 6         
                            121212              6             

     |0 |1 |2 |3 |4 |5 |6 |7 |8 |9 |10|11|12|
     |--+--+--+--+--+--+--+--+--+--+--+--+--+
EQAry|0 |1 |2 |3 |4 |5 |6 |7 |8 |9 |10|11|12|

Pass #2:
                                                              
                              1                               
              1 1 1         1 1 1                 3 3 3       
                1 1 1     1 1 1 1 1               3 3 3       
              1   1 1       1 1 1 1 1           3 3 3         
              1 1 1       1 1 1 1 1 1 1       3 3 3           
          1 1 1 1   1 1 1 1 1 1 1 1 1 1 1           3 3 3     
        1     1   1 1 1 1 1 1 1 1 1 1 1 1 1       3 3 3       
        1 1 1 1 1 1 1 1 1 1 1 1 1 1 1 1 1 1         3         
              2   1 1 1 1 1 1 1 1 1 1 1 1 1           3       
    5 5 5   2 2   1 1 1 1 1 1 1 1 1 1 1 1 1             3     
    5 5 5   2     1 1 1 1 1 1 1 1 1 1 1 1 1 1                 
    5 5 5   2   1 1 1 1 1 1 1 1 1 1 1 1 1 1                   
    5 5 5         1 1 1 1 1 1 1 1 1 1 1 1 1                   
    5               1 1 1 1 1 1 1 1 1 1 1   1           6     
                  1     1 1 1 1 1 1 1                 6   6   
        7                 1 1 1 1 1                   6   6   
    7   7     7             1 1 1     1           6 6     6   
    7   7 7 7 7               1   1 1   10        6 6 6   6   
    7 7 7 7 7 7                                   6 6 6 6     
        7 7 7 7               12                6 6 6 6       
                              12              6 6 6           
                            121212              6 6 6         
                            121212              6             

     |0 |1 |2 |3 |4 |5 |6 |7 |8 |9 |10|11|12|
     |--+--+--+--+--+--+--+--+--+--+--+--+--+
EQAry|0 |1 |1 |3 |1 |5 |6 |7 |7 |7 |1 |6 |12|

Managed EQAry:

     |0 |1 |2 |3 |4 |5 |6 |7 |8 |9 |10|11|12|
     |--+--+--+--+--+--+--+--+--+--+--+--+--+
EQAry|0 |1 |1 |2 |1 |3 |4 |5 |5 |5 |1 |4 |6 |

Pass #3:
                                                              
                              1                               
              1 1 1         1 1 1                 2 2 2       
                1 1 1     1 1 1 1 1               2 2 2       
              1   1 1       1 1 1 1 1           2 2 2         
              1 1 1       1 1 1 1 1 1 1       2 2 2           
          1 1 1 1   1 1 1 1 1 1 1 1 1 1 1           2 2 2     
        1     1   1 1 1 1 1 1 1 1 1 1 1 1 1       2 2 2       
        1 1 1 1 1 1 1 1 1 1 1 1 1 1 1 1 1 1         2         
              1   1 1 1 1 1 1 1 1 1 1 1 1 1           2       
    3 3 3   1 1   1 1 1 1 1 1 1 1 1 1 1 1 1             2     
    3 3 3   1     1 1 1 1 1 1 1 1 1 1 1 1 1 1                 
    3 3 3   1   1 1 1 1 1 1 1 1 1 1 1 1 1 1                   
    3 3 3         1 1 1 1 1 1 1 1 1 1 1 1 1                   
    3               1 1 1 1 1 1 1 1 1 1 1   1           4     
                  1     1 1 1 1 1 1 1                 4   4   
        5                 1 1 1 1 1                   4   4   
    5   5     5             1 1 1     1           4 4     4   
    5   5 5 5 5               1   1 1   1         4 4 4   4   
    5 5 5 5 5 5                                   4 4 4 4     
        5 5 5 5               6                 4 4 4 4       
                              6               4 4 4           
                            6 6 6               4 4 4         
                            6 6 6               4             

     |0 |1 |2 |3 |4 |5 |6 |7 |8 |9 |10|11|12|
     |--+--+--+--+--+--+--+--+--+--+--+--+--+
EQAry|0 |1 |1 |2 |1 |3 |4 |5 |5 |5 |1 |4 |6 |

